cam0:
  T_cam_imu:
  - [0.9992985530224144, -0.005851092552092105, 0.036988736708037616, -0.011424833025045657]
  - [-0.006103722230204998, -0.9999587876839161, 0.006720677692789877, 0.002188266978522922]
  - [0.03694788900933555, -0.006941732468246989, -0.9992930830582659, -0.0076072133359716704]
  # - [1, 0, 0, -0.011424833025045657]
  # - [0, 1, 0, 0.002188266978522922]
  # - [0, 0, -1, -0.0076072133359716704]
  - [0.0, 0.0, 0.0, 1.0]
  cam_overlaps: [0]
  camera_model: pinhole
  distortion_coeffs: [-0.040065559295053524, 0.03190331482634864, -0.02441630036176716, 0.0053547161194284825]
  distortion_model: equidistant
  intrinsics: [397.21625920179747, 396.66916845324636, 551.0004693297051, 666.3499609204274]
  resolution: [1088, 1280]
  rostopic: /cam0/image_raw
  timeshift_cam_imu: -0.07896298358278721
cam1:
  T_cam_imu:
  - [-0.9995110484978581, 0.030299116376600627, -0.0077218830287333565, -0.053697434688869734]
  - [0.008104079263822521, 0.012511643720192351, -0.9998888851620987, -0.046131737923635924]
  - [-0.030199136245891378, -0.9994625667418545, -0.012751072573940885, -0.07149261284195751]
  - [0.0, 0.0, 0.0, 1.0]
  T_cn_cnm1:
  - [0.9999994457734953, -0.0008233639921576076, -0.0006561436136444361, -0.10106110275180535]
  - [0.0007916877528168117, 0.9988994619156757, -0.04689603624058988, -0.0019764575873431013]
  - [0.0006940340102242531, 0.04689549078870055, 0.9988995601463054, -0.0011756424802046581]
  - [0.0, 0.0, 0.0, 1.0]
  cam_overlaps: [0]
  camera_model: pinhole
  distortion_coeffs: [0.0034003170790442797, 0.001766278153469831, -0.00266312569781606,
    0.0003299517423931039]
  distortion_model: equidistant
  intrinsics: [190.44236969414825, 190.4344384721956, 252.59949716835982, 254.91723064636983]
  resolution: [512, 512]
  rostopic: /cam1/image_raw
