cam0:
  T_cam_imu:
  - [0.00156717, -0.99997878,  0.00632289, -0.01321271]
  - [-0.99996531, -0.00161881, -0.00817069, -0.00330095]
  - [0.00818075, -0.00630987, -0.99994663, -0.05175258]
  # - [1, 0, 0, -0.011424833025045657]
  # - [0, 1, 0, 0.002188266978522922]
  # - [0, 0, -1, -0.0076072133359716704]
  - [0.0, 0.0, 0.0, 1.0]
  cam_overlaps: [0]
  camera_model: KannalaBrandt
  distortion_coeffs: [-0.017458392874590136, -0.028082549474531236, 0.01283269195493874, -0.004519804281212253]
  distortion_model: RadTan
  intrinsics: [794.0954696386523, 794.0954696386523, 1355.1549548657986, 1011.1244310439472]
  resolution: [2704, 2028]
  rostopic: /gopro/image_raw
  timeshift_cam_imu: -0.07896298358278721
cam1:
  T_cam_imu:
  - [-0.9995110484978581, 0.030299116376600627, -0.0077218830287333565, -0.053697434688869734]
  - [0.008104079263822521, 0.012511643720192351, -0.9998888851620987, -0.046131737923635924]
  - [-0.030199136245891378, -0.9994625667418545, -0.012751072573940885, -0.07149261284195751]
  - [0.0, 0.0, 0.0, 1.0]
  T_cn_cnm1:
  - [0.9999994457734953, -0.0008233639921576076, -0.0006561436136444361, -0.10106110275180535]
  - [0.0007916877528168117, 0.9988994619156757, -0.04689603624058988, -0.0019764575873431013]
  - [0.0006940340102242531, 0.04689549078870055, 0.9988995601463054, -0.0011756424802046581]
  - [0.0, 0.0, 0.0, 1.0]
  cam_overlaps: [0]
  camera_model: pinhole
  distortion_coeffs: [0.0034003170790442797, 0.001766278153469831, -0.00266312569781606,
    0.0003299517423931039]
  distortion_model: equidistant
  intrinsics: [190.44236969414825, 190.4344384721956, 252.59949716835982, 254.91723064636983]
  resolution: [512, 512]
  rostopic: /cam1/image_raw
