# camera 2 camera_imu ** 
T(x y z):
[ 0.03668114, -0.00477653, 0.0316039]
R:
[ 0.99957087 , 0.00215313 , 0.02921355 , 
  -0.00192891  ,0.99996848, -0.00770122,
  -0.02922921 , 0.00764156  ,0.99954353 ]

# camera_imu 2 avia  **                                                          # avia 2 camera_imu **
T(x y z):                                                                  T(x y z):
[-0.19501, 0.0471106, 0.0870882]                                           [ 0.0594305,  0.083401,  0.193248]
R:                                                                         R:
[ 0.0502661, -0.0116117, 0.998668,                                         0.0502661, -0.99829, -0.0298331,
  -0.99829,  0.0292847, 0.0505876,                                         -0.0116117, 0.0292847,  -0.999504,
  -0.0298331, -0.999504, -0.0101199]                                       0.998668, 0.0505876, -0.0101199
  
# camera 2 avia **                                                         # avia 2 camera ** 
T(x y z):
[ -0.16154852509498596, 0.0119510218501091, 0.09044823050498962]           [0.0178448, 0.0894589, 0.161556]
R:
[  0.0210767, -0.0038717,  0.9997703,                                      0.0210767, -0.999397, -0.0275965,
  -0.9993969,  0.0275209,  0.0211754,                                      -0.0038717, 0.0275209, -0.999614,
  -0.0275965, -0.9996137, -0.0032894 ]                                     0.99977, 0.0211754, -0.0032894 

# camera 2 mid360  **                                                      # mid360 2 camera  **
T(x y z):
[0.07433266794297944, -0.038064684622738675, -0.43920868647350303]         [-0.0442358, -0.411712, 0.168568]
R:
[  0.0722207,  0.5210047,  0.8504930,                                      0.0722207,  -0.997387, -0.0020542,
  -0.9973866,  0.0394820,  0.0605080,                                      0.521005,   0.039482,  -0.85264,
  -0.0020542, -0.8526402,  0.5224945 ]                                     0.850493,  0.060508,   0.522494

# camera_imu 2 mid360  **                                                        # mid360 2 camera_imu **
T(x y z):                                                                  T(x y z):
[0.046263, -0.00420981, -0.460019]                                        [-0.00349766, -0.417688, 0.198242]
R:                                                                         R:
[ 0.0981574, 0.514299, 0.851975,                                           0.0981574, -0.995106, 0.0113748,
 -0.995106, 0.0409386, 0.0899349,                                         0.514299, 0.0409386, -0.856633,
  0.0113748, -0.856633, 0.515801 ]                                        0.851975, 0.0899349, 0.515801

# avia 2 avia_imu **   
T(x y z):
[ 0.04165, 0.02326, -0.0284 ]
R:
[ 1, 0, 0,
  0, 1, 0,
  0, 0, 1 ]

# mid360 2 mid360_imu **
T(x y z):
[ -0.011, -0.02329, 0.04412  ]
R:
[ 1, 0, 0,
  0, 1, 0,
  0, 0, 1 ]
   
# avia 2 mid360
T(x y z):
[ 0.259632, -0.0425554, -0.431109  ]
R:
[ 0.849802, -0.0398291, -0.525594,
  0.0393196, 0.999153, -0.0121414,
  0.525632, -0.0103484, 0.850649 ]   

# wheel 2 camera_imu
body_T_wheel: !!opencv-matrix
  rows: 4
  cols: 4
  dt: d
  data: [ 4.2873564019253907e-02, -9.9906999607154057e-01,
          4.5826256555663858e-03, 1.0000278019634017e-00,
          2.3548883729155812e-02, -3.5750257528033291e-03,
          -9.9971629438855181e-01, 0.0477569625897234e-01,
          9.9880293731215963e-01, 4.2969316267296165e-02,
          2.3373709079293481e-02, 2.0902387796334685e-01, 0., 0., 0., 1. ]


# camera
%YAML:1.0
---
model_type: PINHOLE
camera_name: camera
image_width: 640
image_height: 480
distortion_parameters:
  k1: 0.0
  k2: 0.0
  p1: 0.0
  p2: 0.0
projection_parameters:
  fx: 607.79772949218
  fy: 607.83526613281
  cx: 328.79772949218
  cy: 245.53321838378

