cam0:
  T_cam_imu:
  - [1.00, 0.0, -0.00, 0.0]
  - [0.0, 1.00, -0.00, -0.00]
  - [-0.000, -0.00, 1.00, -0.00]
  - [0.0, 0.0, 0.0, 1.0]
  cam_overlaps: [1]
  camera_model: pinhole
  distortion_coeffs: [0.0034823894022493434, 0.0007150348452162257, -0.0020532361418706202,
    0.00020293673591811182]
  distortion_model: equidistant
  intrinsics: [607.79772949218, 607.83526613281, 328.79772949218, 245.53321838378]
  resolution: [512, 512]
  rostopic: /camera/color/image_raw
cam1:
  T_cam_imu:
  - [-0.9995110484978581, 0.030299116376600627, -0.0077218830287333565, -0.053697434688869734]
  - [0.008104079263822521, 0.012511643720192351, -0.9998888851620987, -0.046131737923635924]
  - [-0.030199136245891378, -0.9994625667418545, -0.012751072573940885, -0.07149261284195751]
  - [0.0, 0.0, 0.0, 1.0]
  T_cn_cnm1:
  - [0.9999994457734953, -0.0008233639921576076, -0.0006561436136444361, -0.10106110275180535]
  - [0.0007916877528168117, 0.9988994619156757, -0.04689603624058988, -0.0019764575873431013]
  - [0.0006940340102242531, 0.04689549078870055, 0.9988995601463054, -0.0011756424802046581]
  - [0.0, 0.0, 0.0, 1.0]
  cam_overlaps: [0]
  camera_model: pinhole
  distortion_coeffs: [0.0034003170790442797, 0.001766278153469831, -0.00266312569781606,
    0.0003299517423931039]
  distortion_model: equidistant
  intrinsics: [190.44236969414825, 190.4344384721956, 252.59949716835982, 254.91723064636983]
  resolution: [512, 512]
  rostopic: /cam1/image_raw
