%YAML:1.0
---
model_type: PINHOLE
camera_name: camera
image_width: 640
image_height: 480
distortion_parameters:
  k1: 0.0
  k2: 0.0
  p1: 0.0
  p2: 0.0
projection_parameters:
  fx: 607.79772949218
  fy: 607.83526613281
  cx: 328.79772949218
  cy: 245.53321838378